23 23
100
1 1 136759
1 23 249524
23 1 387927
23 23 497082
1 12 570666
23 12 621430
12 1 633257
12 23 960438
21 19 68712
20 1 952966
16 9 577540
8 7 751985
16 18 877094
18 16 416426
21 5 243188
21 5 791784
13 1 704026
3 6 795063
19 2 315903
1 9 495714
20 13 748820
14 13 763496
19 15 981034
5 12 102189
2 5 518923
7 9 704687
14 21 896770
10 14 531883
13 19 367957
18 19 427375
19 8 948125
11 22 960214
1 9 813338
22 23 171023
23 11 568083
19 19 109132
23 21 221381
21 19 348771
10 4 66544
16 21 506996
3 12 839486
3 14 940674
5 1 308168
14 14 915163
4 2 634377
20 2 396158
23 19 347031
18 9 529972
8 2 324713
1 3 113372
20 18 32902
7 14 305778
20 9 163787
23 2 909933
11 11 377694
5 13 395053
15 17 404953
21 20 714050
18 4 650250
17 9 452138
21 23 249180
10 14 667272
17 10 575072
11 1 826694
14 19 330172
1 13 645711
19 21 139743
2 21 657815
11 15 370060
22 12 638441
23 9 773886
16 1 618007
2 22 22285
12 9 658474
15 10 621462
20 11 186040
12 6 327859
12 20 276968
10 13 109966
1 19 716946
5 10 524300
8 21 842854
9 8 343709
6 22 456377
21 23 350916
4 20 337606
11 22 974925
15 6 83832
11 21 228611
19 15 989902
8 4 35557
17 7 330450
19 6 905685
9 11 846439
21 3 845423
20 12 618116
5 14 306125
17 9 939434
12 21 437158
10 14 965242
